/****************************************************************/
/* BALSA - Bayesian Algorithm for Local Sequence Alignment      */
/*                                                              */
/* Please acknowledge the program authors on any publication of */
/* scientific results based in part on use of the program and   */
/* cite the following articles in which the program was         */
/* described.                                                   */
/*                                                              */
/* Webb-Robertson, B. J., L. A. McCue, et al. (2008). "Measuring*/
/* Global Credibility with Application to Local Sequence        */
/* Alignment." PLoS CompBiol. 4(5): e1000077.                   */
/* Webb, B. J., J. S. Liu, et al. (2002). "BALSA: Bayesian      */
/* algorithm for local sequence alignment." Nucleic Acids Res   */
/* 30(5): 1268-77.                                              */
/*                                                              */
/*                                                              */
/* Copyright (C) 2006   Health Research Inc.                    */
/* HEALTH RESEARCH INCORPORATED (HRI),                          */
/* ONE UNIVERSITY PLACE, RENSSELAER, NY 12144-3455.             */
/* Email:  gibbsamp@wadsworth.org                              */
/*                                                              */
/*                                                              */
/* Copyright (C) 2009   Brown University                        */
/* Brown University                                             */
/* Providence, RI 02912                                         */
/* Email:  gibbs@brown.edu                                     */
/****************************************************************/
/*                                                              */
/* This program is free software; you can redistribute it       */
/* and/or modify it under the terms of the GNU General Public   */
/* License as published by the Free Software Foundation;        */
/* either version 2 of the License, or (at your option)         */
/* any later version.                                           */
/*                                                              */
/* This program is distributed in the hope that it will be      */
/* useful, but WITHOUT ANY WARRANTY; without even the implied   */
/* warranty of MERCHANTABILITY or FITNESS FOR A PARTICULAR      */
/* PURPOSE. See the GNU General Public License for more         */
/* details.                                                     */
/*                                                              */
/* You should have received a copy of the GNU General Public    */
/* License along with this program; if not, write to the        */
/* Free Software Foundation, Inc., 51 Franklin Street,          */
/* Fifth Floor, Boston, MA  02110-1301, USA.                    */
/****************************************************************/

#ifndef BAY_MATRIX_H
#define BAY_MATRIX_H


/*
"BLOSUM_30","BLOSUM_40", "BLOSUM_45", "BLOSUM_50","BLOSUM_55","BLOSUM_62", "BLOSUM_70","BLOSUM_80", "PAM250" 
*/

//  A   R   N   D  C
//  Q   E   G   H  I
//  L   K   M   F  P
//  S   T   W   Y  V

static long double p_related[][21][21] = {
{ // /home/bjwebb/blosums/blosum30.freq //
  { 1.72162,     0.876849,     0.962125,       1.0688,     0.703776, 
    1.13429,     0.937242,     0.942087,     0.758077,      0.94484, 
    0.81576,     0.969689,      1.07745,     0.811615,     0.872014, 
    1.14398,      1.12131,     0.533084,     0.555681,       1.1437,  0.044194 },

  {0.876849,      3.17349,     0.745303,     0.827231,     0.738061, 
    1.47658,     0.847226,     0.746124,     0.834691,     0.654896, 
    0.71724,      1.21157,      0.96085,     0.890182,     0.831892, 
   0.928649,     0.691741,     0.934202,      1.06814,     0.816469,  0.044194 },

  {0.962125,     0.745303,      3.03354,       1.1707,     0.865272, 
   0.916819,       0.9161,      1.03282,     0.903112,     0.969671, 
   0.807572,      1.04805,     0.958354,     0.872548,     0.658801, 
    1.01923,      1.16024,     0.389645,     0.540211,     0.789421,  0.044194 },

  {  1.0688,     0.827231,       1.1707,      3.26363,     0.705286, 
   0.929841,      1.10463,     0.887301,      0.70911,     0.578931, 
   0.861079,     0.977749,     0.684599,     0.472314,     0.895858, 
   0.983552,     0.920425,      0.56301,     0.830101,     0.768141,  0.044194 },

  {0.703776,     0.738061,     0.865272,     0.705286,      10.5703, 
   0.738425,        1.095,     0.587456,     0.498098,     0.791005, 
   0.962803,     0.646445,     0.714286,      0.70006,     0.625082, 
   0.772207,     0.740858,     0.808048,     0.430145,     0.724804,  0.044194 },

  { 1.13429,      1.47658,     0.916819,     0.929841,     0.738425, 
     2.9669,      1.25263,      0.75671,      0.97748,     0.790566, 
    0.79766,     0.978446,     0.874557,      0.61752,     0.973781, 
   0.887649,     0.943012,     0.834157,      0.85106,      0.65451,  0.044194 },

  {0.937242,     0.847226,       0.9161,      1.10463,        1.095, 
    1.25263,      2.41622,     0.760107,      1.00825,      0.63887, 
   0.884599,      1.40417,     0.899851,     0.581962,      1.10714, 
   0.939111,     0.773958,     0.893688,     0.727674,     0.652534,  0.044194 },

  {0.942087,     0.746124,      1.03282,     0.887301,     0.587456, 
    0.75671,     0.760107,      3.22222,     0.704275,     0.856578, 
   0.749726,     0.873969,     0.786776,     0.664348,     0.930244, 
    1.06424,     0.806483,      1.17887,     0.633958,     0.703141,  0.044194 },

  {0.758077,     0.834691,     0.903112,      0.70911,     0.498098, 
    0.97748,      1.00825,     0.704275,      7.39918,     0.735991, 
   0.827186,     0.741366,      1.34022,     0.630388,      1.13488, 
   0.898535,     0.714315,     0.512065,     0.994516,     0.633489,  0.044194 },

  { 0.94484,     0.654896,     0.969671,     0.578931,     0.791005, 
   0.790566,      0.63887,     0.856578,     0.735991,      2.23312, 
    1.26554,      0.76854,      1.11681,      1.05711,     0.674718, 
   0.895788,     0.984753,     0.631048,     0.909356,      1.70313,  0.044194 },

  { 0.81576,      0.71724,     0.807572,     0.861079,     0.962803, 
    0.79766,     0.884599,     0.749726,     0.827186,      1.26554, 
    1.63295,      0.79492,      1.35975,      1.32761,     0.680446, 
   0.786155,      1.04466,     0.804364,       1.4207,      1.22821,  0.044194 },

  {0.969689,      1.21157,      1.04805,     0.977749,     0.646445, 
   0.978446,      1.40417,     0.873969,     0.741366,      0.76854, 
    0.79492,      1.73237,      1.31568,     0.848733,      1.09622, 
     1.0704,     0.876843,     0.771452,     0.821511,     0.756251,  0.044194 },

  { 1.07745,      0.96085,     0.958354,     0.684599,     0.714286, 
   0.874557,     0.899851,     0.786776,      1.34022,      1.11681, 
    1.35975,      1.31568,      2.43338,     0.792522,     0.577972, 
   0.712173,     0.947531,      0.67897,      0.92582,      1.07001,  0.044194 },

  {0.811615,     0.890182,     0.872548,     0.472314,      0.70006, 
    0.61752,     0.581962,     0.664348,     0.630388,      1.05711, 
    1.32761,     0.848733,     0.792522,      3.85289,     0.549724, 
   0.914279,      0.73466,       1.1986,      1.53164,      1.10265,  0.044194 },

  {0.872014,     0.831892,     0.658801,     0.895858,     0.625082, 
   0.973781,      1.10714,     0.930244,      1.13488,     0.674718, 
   0.680446,      1.09622,     0.577972,     0.549724,      4.83658, 
   0.846779,       0.9682,     0.652524,     0.745358,     0.613434,  0.044194 },

  { 1.14398,     0.928649,      1.01923,     0.983552,     0.772207, 
   0.887649,     0.939111,      1.06424,     0.898535,     0.895788, 
   0.786155,       1.0704,     0.712173,     0.914279,     0.846779, 
    1.78587,      1.31957,     0.637212,     0.745733,     0.857842,  0.044194 },

  { 1.12131,     0.691741,      1.16024,     0.920425,     0.740858, 
   0.943012,     0.773958,     0.806483,     0.714315,     0.984753, 
    1.04466,     0.876843,     0.947531,      0.73466,       0.9682, 
    1.31957,      2.04759,     0.532397,     0.861174,      1.16141,  0.044194 },

  {0.533084,     0.934202,     0.389645,      0.56301,     0.808048, 
   0.834157,     0.893688,      1.17887,     0.512065,     0.631048, 
   0.804364,     0.771452,      0.67897,       1.1986,     0.652524, 
   0.637212,     0.532397,      17.1143,      2.05689,     0.668894,  0.044194 },

  {0.555681,      1.06814,     0.540211,     0.830101,     0.430145, 
    0.85106,     0.727674,     0.633958,     0.994516,     0.909356, 
     1.4207,     0.821511,      0.92582,      1.53164,     0.745358, 
   0.745733,     0.861174,      2.05689,      3.70117,      1.07237,  0.044194 },

  {  1.1437,     0.816469,     0.789421,     0.768141,     0.724804, 
    0.65451,     0.652534,     0.703141,     0.633489,      1.70313, 
    1.22821,     0.756251,      1.07001,      1.10265,     0.613434, 
   0.857842,      1.16141,     0.668894,      1.07237,      1.96521,  0.044194 },

  {0.044194,     0.044194,     0.044194,     0.044194,     0.044194,
   0.044194,     0.044194,     0.044194,     0.044194,     0.044194,
   0.044194,     0.044194,     0.044194,     0.044194,     0.044194,
   0.044194,     0.044194,     0.044194,     0.044194,     0.044194,  0.044194 }
},


{ // /home/bjwebb/blosums/blosum40.freq // 
  { 2.48906,     0.760058,     0.878431,     0.783469,     0.762845, 
   0.951831,     0.870763,      1.09765,     0.682402,      0.79841, 
   0.726878,     0.878461,     0.913697,     0.622325,     0.745254, 
    1.26699,      1.00488,       0.6397,     0.715055,      1.04257,  0.044194 },

  {0.760058,      4.41081,     0.918638,     0.809395,     0.565555, 
    1.36571,     0.889698,     0.591761,     0.921625,     0.568202, 
    0.67562,      1.71473,     0.879906,     0.674245,     0.606311, 
   0.819262,     0.749717,     0.734072,     0.896667,      0.69466,  0.044194 },

  {0.878431,     0.918638,      3.82823,      1.36344,     0.697133, 
    1.12817,      0.91119,      1.06624,      1.19763,      0.68474, 
   0.565008,      1.04627,     0.733195,     0.634359,     0.703162, 
    1.17049,     0.989129,     0.495889,     0.656153,      0.59285,  0.044194 },

  {0.783469,     0.809395,      1.36344,      4.47094,     0.664251, 
   0.858302,      1.50534,     0.762467,     0.973061,     0.520934, 
   0.566186,     0.944626,     0.576232,     0.526814,     0.762669, 
   0.934849,     0.898012,     0.446267,     0.602048,     0.605612,  0.044194 },

  {0.762845,     0.565555,     0.697133,     0.664251,      14.7829, 
   0.495982,     0.683258,      0.61189,     0.494218,     0.534197, 
    0.67041,     0.645865,     0.582498,     0.651484,     0.457395, 
   0.827178,     0.850771,     0.369372,     0.469535,     0.699689,  0.044194 },

  {0.951831,      1.36571,      1.12817,     0.858302,     0.495982, 
    3.81827,      1.48743,     0.716597,      1.04744,     0.568132, 
   0.735127,       1.2045,     0.864555,     0.499553,      0.76988, 
    1.21064,     0.805342,     0.778849,      0.81491,     0.589477,  0.044194 },

  {0.870763,     0.889698,      0.91119,      1.50534,     0.683258, 
    1.48743,      3.33078,     0.613069,     0.972085,     0.512657, 
   0.683119,      1.25786,      0.68888,      0.55844,     0.963689, 
   0.942829,     0.823644,     0.656183,      0.68817,     0.621008,  0.044194 },

  { 1.09765,     0.591761,      1.06624,     0.762467,      0.61189, 
   0.716597,     0.613069,      4.30002,     0.662986,     0.517106, 
   0.494494,     0.751377,     0.689109,     0.575251,     0.790102, 
    1.09001,     0.719454,     0.728958,     0.620751,     0.538958,  0.044194 },

  {0.682402,     0.921625,      1.19763,     0.973061,     0.494218, 
    1.04744,     0.972085,     0.662986,      8.75971,     0.553085, 
   0.744057,     0.837886,      1.11126,     0.719081,     0.687945, 
     0.8043,     0.685828,     0.441567,      1.34547,     0.474992,  0.044194 },

  { 0.79841,     0.568202,      0.68474,     0.520934,     0.534197, 
   0.568132,     0.512657,     0.517106,     0.553085,      2.94956, 
    1.53502,     0.629366,       1.2735,      1.13385,     0.710128, 
   0.676659,     0.908213,     0.580101,      0.94584,      2.06937,  0.044194 },

  {0.726878,      0.67562,     0.565008,     0.566186,      0.67041, 
   0.735127,     0.683119,     0.494494,     0.744057,      1.53502, 
    2.62746,     0.683509,      1.73977,      1.34051,     0.521971, 
   0.626268,     0.863362,     0.792941,     0.999089,      1.36675,  0.044194 },

  {0.878461,      1.71473,      1.04627,     0.944626,     0.645865, 
     1.2045,      1.25786,     0.751377,     0.837886,     0.629366, 
   0.683509,      2.73851,     0.835166,     0.636857,     0.834425, 
   0.923477,     0.943142,     0.659829,     0.801395,     0.673046,  0.044194 },

  {0.913697,     0.879906,     0.733195,     0.576232,     0.582498, 
   0.864555,      0.68888,     0.689109,      1.11126,       1.2735, 
    1.73977,     0.835166,      3.28161,      1.03577,     0.664861, 
   0.744229,     0.886979,     0.719522,      1.15879,      1.12944,  0.044194 },

  {0.622325,     0.674245,     0.634359,     0.526814,     0.651484, 
   0.499553,      0.55844,     0.575251,     0.719081,      1.13385, 
    1.34051,     0.636857,      1.03577,      4.89794,     0.481097, 
   0.657939,     0.796063,      1.22725,      1.96458,     0.995166,  0.044194 },

  {0.745254,     0.606311,     0.703162,     0.762669,     0.457395, 
    0.76988,     0.963689,     0.790102,     0.687945,     0.710128, 
   0.521971,     0.834425,     0.664861,     0.481097,      7.11315, 
   0.796591,     0.927804,     0.507132,     0.565276,     0.571245,  0.044194 },

  { 1.26699,     0.819262,      1.17049,     0.934849,     0.827178, 
    1.21064,     0.942829,      1.09001,       0.8043,     0.676659, 
   0.626268,     0.923477,     0.744229,     0.657939,     0.796591, 
    2.38861,      1.37284,     0.436475,     0.709952,     0.778863,  0.044194 },

  { 1.00488,     0.749717,     0.989129,     0.898012,     0.850771, 
   0.805342,     0.823644,     0.719454,     0.685828,     0.908213, 
   0.863362,     0.943142,     0.886979,     0.796063,     0.927804, 
    1.37284,      2.68052,     0.480678,      0.77572,      1.17127,  0.044194 },

  {  0.6397,     0.734072,     0.495889,     0.446267,     0.369372, 
   0.778849,     0.656183,     0.728958,     0.441567,     0.580101, 
   0.792941,     0.659829,     0.719522,      1.22725,     0.507132, 
   0.436475,     0.480678,      24.8769,      1.74269,     0.548123,  0.044194 },

  {0.715055,     0.896667,     0.656153,     0.602048,     0.469535, 
    0.81491,      0.68817,     0.620751,      1.34547,      0.94584, 
   0.999089,     0.801395,      1.15879,      1.96458,     0.565276, 
   0.709952,      0.77572,      1.74269,      4.94168,     0.852121,  0.044194 },

  { 1.04257,      0.69466,      0.59285,     0.605612,     0.699689, 
   0.589477,     0.621008,     0.538958,     0.474992,      2.06937, 
    1.36675,     0.673046,      1.12944,     0.995166,     0.571245, 
   0.778863,      1.17127,     0.548123,     0.852121,       2.4899,  0.044194 },

  {0.044194,     0.044194,     0.044194,     0.044194,     0.044194,
   0.044194,     0.044194,     0.044194,     0.044194,     0.044194,
   0.044194,     0.044194,     0.044194,     0.044194,     0.044194,
   0.044194,     0.044194,     0.044194,     0.044194,     0.044194,  0.044194 }
},


{ // /home/bjwebb/blosums/blosum45.freq // 
  { 2.95043,     0.699695,     0.789042,     0.688936,     0.800398, 
   0.866676,     0.825166,      1.08031,     0.654089,     0.746807, 
    0.71237,     0.786209,      0.82135,     0.587359,      0.70857, 
    1.30031,      1.00059,     0.565446,     0.638727,      1.00993,  0.044194 },

  {0.699695,      4.74702,     0.897851,     0.771178,     0.471809, 
    1.32913,      1.01075,     0.570229,     0.973045,     0.488388, 
   0.601136,      1.94261,     0.775904,     0.589536,     0.581629, 
   0.799047,     0.715163,     0.580172,     0.807451,     0.577701,  0.044194 },

  {0.789042,     0.897851,      4.47804,      1.50175,     0.680231, 
    1.03247,     0.893235,      1.05866,      1.22007,     0.564238, 
   0.483711,      1.11878,     0.681736,     0.572439,     0.640391, 
    1.19969,      1.11473,     0.389704,     0.605826,     0.551607,  0.044194 },

  {0.688936,     0.771178,      1.50175,      5.35581,     0.532857, 
    0.95767,      1.64257,     0.740435,     0.976209,     0.440335, 
   0.462525,      0.94168,      0.49442,     0.431018,     0.724042, 
   0.929415,     0.876124,     0.373375,     0.644924,     0.493587,  0.044194 },

  {0.800398,     0.471809,     0.680231,     0.532857,      17.0901, 
   0.486218,     0.545357,     0.556827,     0.490644,     0.542803, 
   0.672662,     0.546735,      0.60372,     0.601659,     0.411525, 
   0.796943,      0.82176,     0.333616,     0.488901,     0.714772,  0.044194 },

  {0.866676,      1.32913,      1.03247,      0.95767,     0.486218, 
    4.40728,      1.53097,     0.687008,      1.15049,     0.577938, 
    0.64203,      1.33005,     0.940464,     0.443556,     0.715517, 
    1.09184,     0.780603,     0.645176,     0.829178,     0.547267,  0.044194 },

  {0.825166,      1.01075,     0.893235,      1.64257,     0.545357, 
    1.53097,      3.87328,     0.576408,     0.961719,     0.485271, 
   0.570785,      1.27687,     0.614865,     0.497794,     0.910746, 
   0.912113,     0.832875,     0.519336,     0.616551,     0.555159,  0.044194 },

  { 1.08031,     0.570229,      1.05866,     0.740435,     0.556827, 
   0.687008,     0.576408,      5.07068,     0.662088,      0.41634, 
    0.45009,     0.677879,      0.58469,     0.480347,     0.702167, 
    1.05801,      0.69282,     0.591297,     0.549199,     0.479214,  0.044194 },

  {0.654089,     0.973045,      1.22007,     0.976209,     0.490644, 
    1.15049,     0.961719,     0.662088,      9.51248,     0.453312, 
    0.66987,     0.890268,     0.918098,     0.679104,     0.661218, 
   0.854334,     0.706245,     0.451821,      1.47205,     0.456695,  0.044194 },

  {0.746807,     0.488388,     0.564238,     0.440335,     0.542803, 
   0.577938,     0.485271,      0.41634,     0.453312,      3.23257, 
    1.59618,     0.532317,      1.45528,      1.06376,     0.609639, 
   0.618411,     0.847506,     0.564899,     0.906458,      2.17596,  0.044194 },

  { 0.71237,     0.601136,     0.483711,     0.462525,     0.672662, 
    0.64203,     0.570785,      0.45009,      0.66987,      1.59618, 
    2.99709,     0.553564,      1.73145,      1.30296,     0.477914, 
   0.555661,     0.780723,     0.670861,     0.965089,      1.33364,  0.044194 },

  {0.786209,      1.94261,      1.11878,      0.94168,     0.546735, 
    1.33005,      1.27687,     0.677879,     0.890268,     0.532317, 
   0.553564,      3.32707,      0.73796,     0.529188,     0.781203, 
   0.889936,     0.884564,     0.561578,     0.737108,     0.591652,  0.044194 },

  { 0.82135,     0.775904,     0.681736,      0.49442,      0.60372, 
   0.940464,     0.614865,      0.58469,     0.918098,      1.45528, 
    1.73145,      0.73796,      4.11412,      1.06255,     0.643689, 
   0.660372,     0.860445,     0.634361,      1.02316,      1.23583,  0.044194 },

  {0.587359,     0.589536,     0.572439,     0.431018,     0.601659, 
   0.443556,     0.497794,     0.480347,     0.679104,      1.06376, 
    1.30296,     0.529188,      1.06255,      5.74819,     0.451174, 
   0.609495,     0.716103,      1.35493,      2.18457,     0.952474,  0.044194 },

  { 0.70857,     0.581629,     0.640391,     0.724042,     0.411525, 
   0.715517,     0.910746,     0.702167,     0.661218,     0.609639, 
   0.477914,     0.781203,     0.643689,     0.451174,      8.81912, 
   0.749733,      0.85624,     0.525007,     0.478836,     0.540037,  0.044194 },

  { 1.30031,     0.799047,      1.19969,     0.929415,     0.796943, 
    1.09184,     0.912113,      1.05801,     0.854334,     0.618411, 
   0.555661,     0.889936,     0.660372,     0.609495,     0.749733, 
    2.78188,      1.47248,     0.428366,     0.705882,     0.727835,  0.044194 },

  { 1.00059,     0.715163,      1.11473,     0.876124,      0.82176, 
   0.780603,     0.832875,      0.69282,     0.706245,     0.847506, 
   0.780723,     0.884564,     0.860445,     0.716103,      0.85624, 
    1.47248,      3.13872,     0.454129,      0.74346,       1.0402,  0.044194 },

  {0.565446,     0.580172,     0.389704,     0.373375,     0.333616, 
   0.645176,     0.519336,     0.591297,     0.451821,     0.564899, 
   0.670861,     0.561578,     0.634361,      1.35493,     0.525007, 
   0.428366,     0.454129,      29.7022,      1.80095,     0.473319,  0.044194 },

  {0.638727,     0.807451,     0.605826,     0.644924,     0.488901, 
   0.829178,     0.616551,     0.549199,      1.47205,     0.906458, 
   0.965089,     0.737108,      1.02316,      2.18457,     0.478836, 
   0.705882,      0.74346,      1.80095,      5.75352,     0.809252, 0.044194 },

  { 1.00993,     0.577701,     0.551607,     0.493587,     0.714772, 
   0.547267,     0.555159,     0.479214,     0.456695,      2.17596, 
    1.33364,     0.591652,      1.23583,     0.952474,     0.540037, 
   0.727835,       1.0402,     0.473319,     0.809252,      2.87076,  0.044194 },

  {0.044194,     0.044194,     0.044194,     0.044194,     0.044194,
   0.044194,     0.044194,     0.044194,     0.044194,     0.044194,
   0.044194,     0.044194,     0.044194,     0.044194,     0.044194,
   0.044194,     0.044194,     0.044194,     0.044194,     0.044194,  0.044194 }
},


{ // /home/bjwebb/blosums/blosum50.freq // 

  { 3.27355,     0.668352,     0.719514,     0.659704,     0.887623, 
   0.819913,     0.797359,      1.10131,      0.64122,     0.715157, 
   0.656954,     0.747621,     0.853471,     0.546298,     0.714771, 
    1.36359,     0.967331,     0.463561,     0.596402,     0.981626,  0.044194 },

  {0.668352,      5.37787,     0.853784,     0.678535,     0.427831, 
    1.35733,     0.976359,     0.516985,     0.981602,     0.435319, 
    0.55403,      2.06468,     0.678017,     0.461791,      0.51864, 
   0.804498,     0.736512,     0.528824,     0.727127,     0.512488,  0.044194 },

  {0.719514,     0.853784,      5.28533,       1.5579,      0.60101, 
    1.03496,     0.919771,     0.969014,      1.39406,     0.450867, 
   0.412652,      1.06042,     0.611512,     0.438701,     0.604266, 
    1.22434,      1.10885,     0.375697,     0.616481,     0.463245,  0.044194 },

  {0.659704,     0.678535,       1.5579,      6.11148,     0.427721, 
   0.966997,      1.65784,     0.744467,     0.883792,     0.370146, 
   0.372925,     0.890348,     0.435011,     0.337276,     0.709627, 
   0.921482,     0.825179,     0.307055,     0.504474,     0.431713,  0.044194 },

  {0.887623,     0.427831,      0.60101,     0.427721,      18.2309, 
   0.481298,     0.456031,     0.524352,     0.517419,     0.587185, 
   0.650076,     0.459867,     0.680941,     0.564984,     0.403064, 
   0.829853,      0.81789,     0.312138,     0.538707,     0.808666,  0.044194 },

  {0.819913,      1.35733,      1.03496,     0.966997,     0.481298, 
    4.69722,      1.67134,     0.641417,      1.20912,     0.502655, 
   0.562937,      1.41856,     0.959917,     0.416968,       0.7505, 
    1.06872,     0.810315,     0.714705,     0.742078,     0.557385,  0.044194 },

  {0.797359,     0.976359,     0.919771,      1.65784,     0.456031, 
    1.67134,      4.43736,     0.539909,     0.911486,     0.415559, 
   0.478428,      1.33109,     0.605099,     0.456055,     0.838808, 
   0.882102,     0.819032,     0.548036,     0.651687,     0.479077,  0.044194 },

  { 1.10131,     0.516985,     0.969014,     0.744467,     0.524352, 
   0.641417,     0.539909,      5.79219,     0.601273,     0.370371, 
   0.376903,      0.65487,     0.519438,      0.41395,     0.620167, 
   0.999249,     0.636268,     0.504893,     0.467275,     0.402719,  0.044194 },

  { 0.64122,     0.981602,      1.39406,     0.883792,     0.517419, 
    1.20912,     0.911486,     0.601273,      10.4489,     0.411546, 
   0.547444,     0.945544,     0.760127,     0.754718,     0.581909, 
   0.822542,     0.652641,     0.474995,         1.57,     0.413619,  0.044194 },

  {0.715157,     0.435319,     0.450867,     0.370146,     0.587185, 
   0.502655,     0.415559,     0.370371,     0.411546,      3.41094, 
    1.69678,     0.468298,      1.43811,     0.989742,     0.511211, 
   0.545642,     0.860722,     0.522491,     0.826095,      2.31272,  0.044194 },

  {0.656954,      0.55403,     0.412652,     0.372925,     0.650076, 
   0.562937,     0.478428,     0.376903,     0.547444,      1.69678, 
    3.32816,     0.479195,      1.78991,      1.26172,     0.443673, 
   0.510606,     0.759172,     0.601518,     0.858373,      1.32427,  0.044194 },

  {0.747621,      2.06468,      1.06042,     0.890348,     0.459867, 
    1.41856,      1.33109,      0.65487,     0.945544,     0.468298, 
   0.479195,       3.8809,     0.685231,     0.444981,     0.763678, 
   0.892978,     0.844797,     0.461598,     0.667754,     0.522802,  0.044194 },

  {0.853471,     0.678017,     0.611512,     0.435011,     0.680941, 
   0.959917,     0.605099,     0.519438,     0.760127,      1.43811, 
    1.78991,     0.685231,      4.81561,      1.05159,     0.544816, 
   0.682291,     0.882312,     0.761521,     0.917829,       1.2133,  0.044194 },

  {0.546298,     0.461791,     0.438701,     0.337276,     0.564984, 
   0.416968,     0.456055,      0.41395,     0.754718,     0.989742, 
    1.26172,     0.444981,      1.05159,      6.63625,     0.375735, 
   0.552982,     0.570351,      1.34807,      2.42443,     0.859644,  0.044194 },

  {0.714771,      0.51864,     0.604266,     0.709627,     0.403064, 
     0.7505,     0.838808,     0.620167,     0.581909,     0.511211, 
   0.443673,     0.763678,     0.544816,     0.375735,      10.2035, 
    0.75944,     0.748566,     0.420089,      0.46817,     0.524439,  0.044194 },

  { 1.36359,     0.804498,      1.22434,     0.921482,     0.829853, 
    1.06872,     0.882102,     0.999249,     0.822542,     0.545642, 
   0.510606,     0.892978,     0.682291,     0.552982,      0.75944, 
    3.14299,      1.49727,     0.392325,     0.651019,     0.678664,  0.044194 },

  {0.967331,     0.736512,      1.10885,     0.825179,      0.81789, 
   0.810315,     0.819032,     0.636268,     0.652641,     0.860722, 
   0.759172,     0.844797,     0.882312,     0.570351,     0.748566, 
    1.49727,      3.55307,      0.50267,     0.690733,      1.05993,  0.044194 },

  {0.463561,     0.528824,     0.375697,     0.307055,     0.312138, 
   0.714705,     0.548036,     0.504893,     0.474995,     0.522491, 
   0.601518,     0.461598,     0.761521,      1.34807,     0.420089, 
   0.392325,      0.50267,       31.361,      1.76516,     0.484837,  0.044194 },

  {0.596402,     0.727127,     0.616481,     0.504474,     0.538707, 
   0.742078,     0.651687,     0.467275,         1.57,     0.826095, 
   0.858373,     0.667754,     0.917829,      2.42443,      0.46817, 
   0.651019,     0.690733,      1.76516,      6.89283,     0.727351,  0.044194 },

  {0.981626,     0.512488,     0.463245,     0.431713,     0.808666, 
   0.557385,     0.479077,     0.402719,     0.413619,      2.31272, 
    1.32427,     0.522802,       1.2133,     0.859644,     0.524439, 
   0.678664,      1.05993,     0.484837,     0.727351,      3.11746,  0.044194 },

  {0.044194,     0.044194,     0.044194,     0.044194,     0.044194,
   0.044194,     0.044194,     0.044194,     0.044194,     0.044194,
   0.044194,     0.044194,     0.044194,     0.044194,     0.044194,
   0.044194,     0.044194,     0.044194,     0.044194,     0.044194,  0.044194 }
},


{ // /home/bjwebb/blosums/blosum55.freq // 

  { 3.48034,     0.649851,     0.675784,     0.609195,     0.935814, 
   0.784916,     0.763336,      1.06261,     0.611554,     0.685562, 
   0.624485,     0.755621,     0.791453,     0.536808,     0.721684,
    1.41633,     0.994897,     0.432077,     0.619324,     0.964032,  0.044194 },

  {0.649851,      5.87641,     0.853127,     0.678075,     0.374078, 
    1.37423,     0.968636,      0.48829,     0.986231,     0.414754, 
   0.531838,      2.07496,     0.645333,     0.449882,      0.49054, 
    0.79322,     0.709617,      0.47007,     0.661243,     0.482837,  0.044194 },

  {0.675784,     0.853127,      6.09001,      1.54621,     0.509083, 
    1.00753,     0.933752,     0.939885,      1.32927,     0.414483, 
   0.373493,       1.0029,      0.53742,     0.393577,     0.574016, 
    1.19741,      1.05994,     0.324553,     0.578377,      0.41919,  0.044194 },

  {0.609195,     0.678075,      1.54621,      6.64054,     0.379645, 
   0.920677,      1.68279,     0.688891,     0.810224,     0.373512, 
   0.346019,     0.867492,     0.408935,     0.300357,     0.658166, 
    0.92099,     0.765783,     0.287572,      0.44818,     0.409926,  0.044194 },

  {0.935814,     0.374078,     0.509083,     0.379645,      18.4923, 
   0.425704,     0.368419,     0.481991,      0.44242,     0.620607, 
   0.629747,     0.394498,     0.625005,     0.528764,     0.456576, 
   0.798168,     0.854185,     0.397965,     0.473776,     0.793201,  0.044194 },

  {0.784916,      1.37423,      1.00753,     0.920677,     0.425704, 
    5.37534,       1.7743,     0.592231,      1.23284,      0.43992, 
   0.539701,      1.48951,     0.921808,     0.378208,     0.716848, 
   0.995158,     0.828764,     0.598583,     0.714918,     0.516151,  0.044194 },

  {0.763336,     0.968636,     0.933752,      1.68279,     0.368419, 
     1.7743,      4.88274,     0.518152,     0.883609,     0.390212, 
   0.432846,      1.35458,     0.522179,     0.389683,     0.757257, 
   0.903295,     0.778487,     0.462451,     0.593951,     0.475674,  0.044194 },

  { 1.06261,      0.48829,     0.939885,     0.688891,     0.481991, 
   0.592231,     0.518152,      6.25727,     0.566909,     0.342292, 
   0.339427,     0.628817,     0.462496,     0.380139,     0.544518, 
   0.955162,     0.624182,     0.461306,     0.425205,     0.380665,  0.044194 },

  {0.611554,     0.986231,      1.32927,     0.810224,      0.44242, 
    1.23284,     0.883609,     0.566909,      12.1405,     0.389801, 
   0.473973,     0.898648,     0.651991,      0.72295,     0.550781, 
   0.770799,     0.595553,     0.476176,      1.56181,     0.376074,  0.044194 },

  {0.685562,     0.414754,     0.414483,     0.373512,     0.620607, 
    0.43992,     0.390212,     0.342292,     0.389801,      3.63707, 
    1.66682,     0.426295,      1.41824,     0.972657,     0.462029, 
   0.500083,     0.829373,     0.470744,     0.728045,      2.37252,  0.044194 },

  {0.624485,     0.531838,     0.373493,     0.346019,     0.629747, 
   0.539701,     0.432846,     0.339427,     0.473973,      1.66682, 
    3.57626,      0.45287,      1.90383,      1.24398,     0.412725, 
   0.470666,     0.692839,      0.55683,     0.814642,      1.30658,  0.044194 },

  {0.755621,      2.07496,       1.0029,     0.867492,     0.394498, 
    1.48951,      1.35458,     0.628817,     0.898648,     0.426295, 
    0.45287,      4.22118,     0.634441,     0.400463,     0.763056, 
   0.928821,     0.814758,     0.422765,     0.600978,     0.495044,  0.044194 },

  {0.791453,     0.645333,      0.53742,     0.408935,     0.625005, 
   0.921808,     0.522179,     0.462496,     0.651991,      1.41824, 
    1.90383,     0.634441,      5.88041,      1.06622,     0.474254, 
   0.633512,     0.841509,     0.655281,     0.835416,      1.21647,  0.044194 },

  {0.536808,     0.449882,     0.393577,     0.300357,     0.528764, 
   0.378208,     0.389683,     0.380139,      0.72295,     0.972657, 
    1.24398,     0.400463,      1.06622,      7.20319,     0.335037, 
    0.50366,     0.526694,      1.41595,      2.58393,     0.806496,  0.044194 },

  {0.721684,      0.49054,     0.574016,     0.658166,     0.456576, 
   0.716848,     0.757257,     0.544518,     0.550781,     0.462029, 
   0.412725,     0.763056,     0.474254,     0.335037,      11.0497, 
   0.755685,     0.716062,     0.334583,     0.424426,     0.483785,  0.044194 },

  { 1.41633,      0.79322,      1.19741,      0.92099,     0.798168, 
   0.995158,     0.903295,     0.955162,     0.770799,     0.500083, 
   0.470666,     0.928821,     0.633512,      0.50366,     0.755685, 
    3.44388,      1.53377,     0.371474,     0.599932,     0.622753,  0.044194 },

  {0.994897,     0.709617,      1.05994,     0.765783,     0.854185, 
   0.828764,     0.778487,     0.624182,     0.595553,     0.829373, 
   0.692839,     0.814758,     0.841509,     0.526694,     0.716062, 
    1.53377,      4.02953,     0.451488,     0.634438,     0.991146,  0.044194 },

  {0.432077,      0.47007,     0.324553,     0.287572,     0.397965, 
   0.598583,     0.462451,     0.461306,     0.476176,     0.470744, 
    0.55683,     0.422765,     0.655281,      1.41595,     0.334583, 
   0.371474,     0.451488,      33.3857,       2.1342,     0.422636,  0.044194 },

  {0.619324,     0.661243,     0.578377,      0.44818,     0.473776, 
   0.714918,     0.593951,     0.425205,      1.56181,     0.728045, 
   0.814642,     0.600978,     0.835416,      2.58393,     0.424426, 
   0.599932,     0.634438,       2.1342,      7.93481,      0.69289,  0.044194 },

  {0.964032,     0.482837,      0.41919,     0.409926,     0.793201, 
   0.516151,     0.475674,     0.380665,     0.376074,      2.37252, 
    1.30658,     0.495044,      1.21647,     0.806496,     0.483785, 
   0.622753,     0.991146,     0.422636,      0.69289,      3.34242,  0.044194 },

  {0.044194,     0.044194,     0.044194,     0.044194,     0.044194,
   0.044194,     0.044194,     0.044194,     0.044194,     0.044194,
   0.044194,     0.044194,     0.044194,     0.044194,     0.044194,
   0.044194,     0.044194,     0.044194,     0.044194,     0.044194,  0.044194 }
},


{ // /home/bjwebb/blosums/blosum62.freq // 
  { 3.90294,     0.612699,     0.588308,     0.544605,     0.867988, 
   0.756804,     0.741264,      1.05687,     0.569365,     0.632481, 
   0.601946,      0.77539,      0.72315,     0.464894,     0.754121, 
     1.4721,     0.984402,     0.416548,     0.542613,     0.936458,  0.044194 },

  {0.612699,      6.66558,      0.85863,       0.5732,     0.308938, 
     1.4058,     0.960798,     0.449984,     0.917047,     0.354751,  
   0.473919,      2.07681,     0.622625,     0.380726,     0.481535, 
   0.767166,     0.677754,     0.395105,     0.555965,     0.420072,  0.044194 },

  {0.588308,      0.85863,       7.0941,      1.55385,     0.397803, 
    1.00058,     0.911298,     0.863711,        1.222,     0.327934, 
   0.310043,     0.939842,      0.47453,     0.354288,     0.499934, 
    1.23153,     0.984152,     0.277784,     0.486031,     0.369034,  0.044194 },

  {0.544605,       0.5732,      1.55385,      7.39793,     0.301454, 
   0.897081,      1.68781,     0.634302,     0.678559,     0.339015, 
   0.286613,      0.78409,     0.346455,      0.29897,     0.598718, 
   0.913505,      0.69479,     0.232105,     0.345683,       0.3365,  0.044194 },

  {0.867988,     0.308938,     0.397803,     0.301454,      19.5766, 
    0.36578,     0.285935,     0.420389,     0.355047,     0.653459, 
   0.642276,      0.34913,     0.611354,     0.438991,     0.379563, 
   0.738415,     0.740553,     0.449981,     0.434201,     0.755845,  0.044194 },

  {0.756804,       1.4058,      1.00058,     0.897081,      0.36578, 
    6.24442,      1.90174,      0.53865,      1.16798,     0.382937, 
   0.477326,      1.55432,     0.864249,     0.333973,      0.64128, 
   0.965556,     0.791322,     0.509358,     0.611095,     0.466778,  0.044194 },

  {0.741264,     0.960798,     0.911298,      1.68781,     0.285935, 
    1.90174,      5.46953,     0.481268,      0.96004,     0.330522, 
   0.372873,      1.30828,     0.500342,     0.330744,     0.679203, 
   0.950357,     0.741426,     0.374302,     0.496466,     0.428943,  0.044194 },

  { 1.05687,     0.449984,     0.863711,     0.634302,     0.420389, 
    0.53865,     0.481268,      6.87631,     0.492966,      0.27501, 
   0.284504,     0.588872,     0.395486,     0.340641,     0.477386, 
   0.903596,     0.579271,      0.42169,     0.348714,     0.336955,  0.044194 },

  {0.569365,     0.917047,        1.222,     0.678559,     0.355047, 
    1.16798,      0.96004,     0.492966,       13.506,     0.326288, 
   0.380676,     0.778888,     0.584132,     0.651989,      0.47288, 
   0.736732,     0.557502,     0.444086,       1.7979,     0.339447,  0.044194 },

  {0.632481,     0.354751,     0.327934,     0.339015,     0.653459, 
   0.382937,     0.330522,      0.27501,     0.326288,      3.99793, 
    1.69443,     0.396373,      1.47774,      0.94577,     0.384663, 
   0.443163,     0.779816,     0.408873,      0.63039,      2.41751,  0.044194 },

  {0.601946,     0.473919,     0.310043,     0.286613,     0.642276, 
   0.477326,     0.372873,     0.284504,     0.380676,      1.69443, 
    3.79662,      0.42827,       1.9943,       1.1546,     0.371122, 
   0.428894,     0.660329,     0.568036,     0.692059,      1.31424,  0.044194 },

  { 0.77539,      2.07681,     0.939842,      0.78409,      0.34913, 
    1.55432,      1.30828,     0.588872,     0.778888,     0.396373, 
    0.42827,      4.76434,     0.625303,     0.344043,     0.703774, 
   0.931919,     0.792906,     0.358932,     0.532178,     0.456543,  0.044194 },

  { 0.72315,     0.622625,      0.47453,     0.346455,     0.611354, 
   0.864249,     0.500342,     0.395486,     0.584132,      1.47774, 
     1.9943,     0.625303,      6.48145,      1.00437,     0.423896, 
   0.598558,     0.793802,     0.610302,     0.708364,      1.26894,  0.044194 },

  {0.464894,     0.380726,     0.354288,      0.29897,     0.438991, 
   0.333973,     0.330744,     0.340641,     0.651989,      0.94577, 
     1.1546,     0.344043,      1.00437,       8.1288,     0.287444, 
   0.439974,     0.481693,      1.37438,      2.76938,     0.745089,  0.044194 },

  {0.754121,     0.481535,     0.499934,     0.598718,     0.379563, 
    0.64128,     0.679203,     0.477386,      0.47288,     0.384663, 
   0.371122,     0.703774,     0.423896,     0.287444,      12.8375, 
   0.755503,     0.688896,     0.281832,     0.363522,     0.443082,  0.044194 },

  {  1.4721,     0.767166,      1.23153,     0.913505,     0.738415, 
   0.965556,     0.950357,     0.903596,     0.736732,     0.443163, 
   0.428894,     0.931919,     0.598558,     0.439974,     0.755503, 
    3.84285,      1.61392,     0.385303,     0.557521,     0.565224,  0.044194 },

  {0.984402,     0.677754,     0.984152,      0.69479,     0.740553, 
   0.791322,     0.741426,     0.579271,     0.557502,     0.779816, 
   0.660329,     0.792906,     0.793802,     0.481693,     0.688896, 
    1.61392,       4.8321,     0.430932,     0.573158,     0.980943,  0.044194 },

  {0.416548,     0.395105,     0.277784,     0.232105,     0.449981, 
   0.509358,     0.374302,      0.42169,     0.444086,     0.408873, 
   0.568036,     0.358932,     0.610302,      1.37438,     0.281832, 
   0.385303,     0.430932,      38.1078,      2.10981,     0.374458,  0.044194 },

  {0.542613,     0.555965,     0.486031,     0.345683,     0.434201, 
   0.611095,     0.496466,     0.348714,       1.7979,      0.63039, 
   0.692059,     0.532178,     0.708364,      2.76938,     0.363522, 
   0.557521,     0.573158,      2.10981,      9.83221,     0.658039,  0.044194 },

  {0.936458,     0.420072,     0.369034,       0.3365,     0.755845, 
